 0.7364	 0.0187	
 0.7377	 0.0218	
 0.7394	 0.0208	
 0.7491	 0.0192	
 0.7459	 0.0314	
 0.7396	 0.0183	
 0.7401	 0.0206	
 0.7429	 0.0198	
 0.7466	 0.0203	
 0.7430	 0.0346	
 0.7361	 0.0207	
 0.7369	 0.0195	
 0.7388	 0.0218	
 0.7476	 0.0190	
 0.7390	 0.0375	
 0.7403	 0.0229	
 0.7423	 0.0189	
 0.7439	 0.0189	
 0.7485	 0.0197	
 0.7378	 0.0400	
 0.7350	 0.0229	
 0.7376	 0.0191	
 0.7423	 0.0225	
 0.7454	 0.0179	
 0.7280	 0.0417	
 0.7408	 0.0203	
 0.7383	 0.0253	
 0.7427	 0.0183	
 0.7469	 0.0228	
 0.7208	 0.0520	
 0.7456	 0.0210	
 0.7470	 0.0200	
 0.7498	 0.0193	
 0.7462	 0.0201	
 0.7472	 0.0198	
 0.7524	 0.0266	
 0.7460	 0.0218	
 0.7493	 0.0208	
 0.7474	 0.0230	
 0.7477	 0.0189	
 0.7518	 0.0208	
 0.7508	 0.0254	
 0.7490	 0.0175	
 0.7469	 0.0200	
 0.7471	 0.0200	
 0.7502	 0.0199	
 0.7516	 0.0221	
 0.7509	 0.0250	
 0.7484	 0.0201	
 0.7464	 0.0180	
 0.7473	 0.0198	
 0.7509	 0.0192	
 0.7494	 0.0217	
 0.7486	 0.0249	
 0.7484	 0.0181	
 0.7465	 0.0180	
 0.7513	 0.0198	
 0.7538	 0.0180	
 0.7487	 0.0219	
 0.7509	 0.0266	
 0.7504	 0.0166	
 0.7523	 0.0187	
 0.7502	 0.0188	
 0.7475	 0.0223	
 0.7486	 0.0237	
 0.7485	 0.0270	
 0.7456	 0.0187	
 0.7471	 0.0204	
 0.7486	 0.0196	
 0.7477	 0.0208	
 0.7497	 0.0199	
 0.7420	 0.0254	
 0.7480	 0.0180	
 0.7493	 0.0185	
 0.7527	 0.0189	
 0.7492	 0.0200	
 0.7487	 0.0243	
 0.7471	 0.0261	
 0.7506	 0.0196	
 0.7486	 0.0166	
 0.7527	 0.0197	
 0.7493	 0.0196	
 0.7513	 0.0237	
 0.7507	 0.0260	
 0.7449	 0.0209	
 0.7446	 0.0209	
 0.7491	 0.0215	
 0.7508	 0.0208	
 0.7462	 0.0227	
 0.7454	 0.0250	
 0.7486	 0.0173	
 0.7453	 0.0188	
 0.7487	 0.0168	
 0.7466	 0.0182	
 0.7470	 0.0214	
 0.7464	 0.0287	
 0.7491	 0.0166	
 0.7536	 0.0192	
 0.7487	 0.0187	
 0.7495	 0.0207	
 0.7466	 0.0240	
 0.7448	 0.0273	
 0.7453	 0.0189	
 0.7448	 0.0193	
 0.7492	 0.0195	
 0.7484	 0.0213	
 0.7438	 0.0249	
 0.7385	 0.0274	
 0.7477	 0.0157	
 0.7508	 0.0167	
 0.7502	 0.0181	
 0.7460	 0.0205	
 0.7457	 0.0244	
 0.7435	 0.0238	
 0.7469	 0.0178	
 0.7487	 0.0196	
 0.7501	 0.0205	
 0.7497	 0.0196	
 0.7453	 0.0235	
 0.7432	 0.0298	
