Student
      0.01	         0	         0	 0.8157	 0.0145	
      0.01	         0	       0.1	 0.8181	 0.0120	
      0.01	         0	       0.2	 0.8175	 0.0127	
      0.01	         0	       0.3	 0.8220	 0.0126	
      0.01	         0	       0.4	 0.8230	 0.0146	
      0.01	         0	       0.5	 0.8237	 0.0112	
      0.01	         0	       0.6	 0.8254	 0.0143	

      0.01	     0.001	         0	 0.8198	 0.0111	
      0.01	     0.001	       0.1	 0.8185	 0.0122	
      0.01	     0.001	       0.2	 0.8162	 0.0098	
      0.01	     0.001	       0.3	 0.8228	 0.0160	
      0.01	     0.001	       0.4	 0.8204	 0.0118	
      0.01	     0.001	       0.5	 0.8189	 0.0149	
      0.01	     0.001	       0.6	 0.8198	 0.0097	

      0.01	     0.002	         0	 0.8161	 0.0128	
      0.01	     0.002	       0.1	 0.8167	 0.0111	
      0.01	     0.002	       0.2	 0.8141	 0.0088	
      0.01	     0.002	       0.3	 0.8149	 0.0119	
      0.01	     0.002	       0.4	 0.8123	 0.0117	
      0.01	     0.002	       0.5	 0.8165	 0.0123	
      0.01	     0.002	       0.6	 0.8134	 0.0116	

      0.01	     0.005	         0	 0.8024	 0.0152	
      0.01	     0.005	       0.1	 0.8025	 0.0159	
      0.01	     0.005	       0.2	 0.8053	 0.0108	
      0.01	     0.005	       0.3	 0.7983	 0.0142	
      0.01	     0.005	       0.4	 0.7986	 0.0134	
      0.01	     0.005	       0.5	 0.7990	 0.0150	
      0.01	     0.005	       0.6	 0.7992	 0.0121	

     0.005	         0	         0	 0.8198	 0.0136	
     0.005	         0	       0.1	 0.8192	 0.0116	
     0.005	         0	       0.2	 0.8194	 0.0122	
     0.005	         0	       0.3	 0.8209	 0.0125	
     0.005	         0	       0.4	 0.8187	 0.0158	
     0.005	         0	       0.5	 0.8239	 0.0127	
     0.005	         0	       0.6	 0.8256	 0.0130	

     0.005	     0.001	         0	 0.8211	 0.0149	
     0.005	     0.001	       0.1	 0.8197	 0.0104	
     0.005	     0.001	       0.2	 0.8194	 0.0121	
     0.005	     0.001	       0.3	 0.8236	 0.0125	
     0.005	     0.001	       0.4	 0.8217	 0.0115	
     0.005	     0.001	       0.5	 0.8233	 0.0123	
     0.005	     0.001	       0.6	 0.8217	 0.0106	

     0.005	     0.002	         0	 0.8165	 0.0144	
     0.005	     0.002	       0.1	 0.8155	 0.0154	
     0.005	     0.002	       0.2	 0.8171	 0.0123	
     0.005	     0.002	       0.3	 0.8170	 0.0155	
     0.005	     0.002	       0.4	 0.8196	 0.0143	
     0.005	     0.002	       0.5	 0.8190	 0.0115	
     0.005	     0.002	       0.6	 0.8181	 0.0137	

     0.005	     0.005	         0	 0.8041	 0.0146	
     0.005	     0.005	       0.1	 0.8062	 0.0136	
     0.005	     0.005	       0.2	 0.8044	 0.0132	
     0.005	     0.005	       0.3	 0.8060	 0.0145	
     0.005	     0.005	       0.4	 0.8053	 0.0150	
     0.005	     0.005	       0.5	 0.8059	 0.0149	
     0.005	     0.005	       0.6	 0.8028	 0.0145	

     0.001	         0	         0	 0.8124	 0.0148	
     0.001	         0	       0.1	 0.8187	 0.0127	
     0.001	         0	       0.2	 0.8206	 0.0153	
     0.001	         0	       0.3	 0.8210	 0.0132	
     0.001	         0	       0.4	 0.8197	 0.0144	
     0.001	         0	       0.5	 0.8204	 0.0150	
     0.001	         0	       0.6	 0.8227	 0.0139	

     0.001	     0.001	         0	 0.8176	 0.0133	
     0.001	     0.001	       0.1	 0.8170	 0.0141	
     0.001	     0.001	       0.2	 0.8181	 0.0137	
     0.001	     0.001	       0.3	 0.8204	 0.0130	
     0.001	     0.001	       0.4	 0.8178	 0.0147	
     0.001	     0.001	       0.5	 0.8188	 0.0128	
     0.001	     0.001	       0.6	 0.8197	 0.0117	

     0.001	     0.002	         0	 0.8116	 0.0115	
     0.001	     0.002	       0.1	 0.8142	 0.0130	
     0.001	     0.002	       0.2	 0.8153	 0.0129	
     0.001	     0.002	       0.3	 0.8158	 0.0130	
     0.001	     0.002	       0.4	 0.8158	 0.0113	
     0.001	     0.002	       0.5	 0.8152	 0.0147	
     0.001	     0.002	       0.6	 0.8196	 0.0131	

     0.001	     0.005	         0	 0.8038	 0.0130	
     0.001	     0.005	       0.1	 0.8033	 0.0145	
     0.001	     0.005	       0.2	 0.8031	 0.0135	
     0.001	     0.005	       0.3	 0.8018	 0.0142	
     0.001	     0.005	       0.4	 0.8026	 0.0137	
     0.001	     0.005	       0.5	 0.8010	 0.0141	
     0.001	     0.005	       0.6	 0.8052	 0.0156	

Student
     0.006	         0	       0.6	
     0.007	         0	       0.6	
     0.008	         0	       0.6	
     0.009	         0	       0.6	
     0.011	         0	       0.6	
     0.012	         0	       0.6	
     0.013	         0	       0.6	
      0.02	         0	       0.6	
Student
     0.006	         0	       0.6	 0.8252	 0.0139	

     0.007	         0	       0.6	 0.8254	 0.0122	

     0.008	         0	       0.6	 0.8254	 0.0123	

     0.009	         0	       0.6	 0.8250	 0.0149	

     0.011	         0	       0.6	 0.8278	 0.0146	

     0.012	         0	       0.6	 0.8251	 0.0116	

     0.013	         0	       0.6	 0.8268	 0.0112	

      0.02	         0	       0.6	 0.8262	 0.0113	

Student
     0.013	         0	       0.6	 0.8268	 0.0112	
     0.014	         0	       0.6	 0.8259	 0.0133	
     0.015	         0	       0.6	 0.8255	 0.0121	
     0.016	         0	       0.6	 0.8284	 0.0120	
     0.017	         0	       0.6	 0.8256	 0.0124	
     0.018	         0	       0.6	 0.8264	 0.0130	
     0.019	         0	       0.6	 0.8250	 0.0116	
     0.025	         0	       0.6	 0.8254	 0.0122	
Student
     0.011	    0.0005	       0.6	 0.8239	 0.0126	
     0.011	     0.001	       0.6	 0.8191	 0.0107	
     0.011	     0.002	       0.6	 0.8131	 0.0143	
     0.011	     0.003	       0.6	 0.8095	 0.0130	
     0.011	     0.005	       0.6	 0.7980	 0.0160	
     0.016	    0.0005	       0.6	 0.8193	 0.0122	
     0.016	     0.001	       0.6	 0.8176	 0.0147	
     0.016	     0.002	       0.6	 0.8039	 0.0149	
     0.016	     0.003	       0.6	 0.7965	 0.0119	
     0.016	     0.005	       0.6	 0.7894	 0.0189	
Student
     0.011	    0.0005	       0.6	Student
     0.011	         0	      0.55	 0.8262	 0.0115	
     0.011	         0	      0.58	 0.8288	 0.0125	
     0.011	         0	       0.6	 0.8278	 0.0146	
     0.011	         0	      0.62	 0.8266	 0.0122	
     0.011	         0	      0.65	 0.8275	 0.0133	
     0.011	         0	       0.7	 0.8291	 0.0119	
     0.011	         0	       0.8	 0.8279	 0.0137	
     0.016	         0	      0.55	 0.8245	 0.0139	
     0.016	         0	      0.58	 0.8269	 0.0130	
     0.016	         0	       0.6	 0.8284	 0.0120	
     0.016	         0	      0.62	 0.8282	 0.0104	
     0.016	         0	      0.65	 0.8289	 0.0129	
     0.016	         0	       0.7	 0.8302	 0.0102	
     0.016	         0	       0.8	 0.8264	 0.0112	
Student
     0.011	         0	      0.67	 0.8258	 0.0142	
     0.011	         0	      0.68	 0.8279	 0.0119	
     0.011	         0	      0.69	 0.8273	 0.0106	
     0.011	         0	       0.7	 0.8291	 0.0119	
     0.011	         0	      0.71	 0.8295	 0.0113	
     0.011	         0	      0.72	 0.8290	 0.0116	
     0.011	         0	      0.73	 0.8274	 0.0105	
     0.011	         0	      0.74	 0.8264	 0.0114	
     0.016	         0	      0.67	 0.8276	 0.0104	
     0.016	         0	      0.68	 0.8291	 0.0112	
     0.016	         0	      0.69	 0.8296	 0.0112	
     0.016	         0	       0.7	 0.8302	 0.0102	
     0.016	         0	      0.71	 0.8271	 0.0130	
     0.016	         0	      0.72	 0.8291	 0.0115	
     0.016	         0	      0.73	 0.8302	 0.0125	
     0.016	         0	      0.74	 0.8298	 0.0120	
Student
     0.011	         0	       0.7	 0.8291	 0.0119	
     0.011	         0	      0.71	 0.8295	 0.0113	
     0.011	    0.0001	       0.7	 0.8257	 0.0119	
     0.011	    0.0001	      0.71	 0.8265	 0.0104	
     0.011	    0.0002	       0.7	 0.8265	 0.0098	
     0.011	    0.0002	      0.71	 0.8269	 0.0098	
     0.011	    0.0005	       0.7	 0.8223	 0.0136	
     0.011	    0.0005	      0.71	 0.8250	 0.0105	
     0.016	         0	       0.7	 0.8302	 0.0102	
     0.016	         0	      0.71	 0.8271	 0.0130	
     0.016	    0.0001	       0.7	 0.8249	 0.0109	
     0.016	    0.0001	      0.71	 0.8263	 0.0096	
     0.016	    0.0002	       0.7	 0.8260	 0.0098	
     0.016	    0.0002	      0.71	 0.8210	 0.0104	
     0.016	    0.0005	       0.7	 0.8165	 0.0125	
     0.016	    0.0005	      0.71	 0.8206	 0.0124	
Student
     0.001	         0	       0.6	 0.8224	 0.0142	
Student
     0.001	         0	       0.6	 0.8454	
Student
     0.001	         0	       0.6	 0.8321	 0.0133	
Student
         1	 0.8454	
         2	 0.8321	 0.0133	
         3	 0.8331	 0.0110	
         4	 0.8267	 0.0146	
         5	 0.8221	 0.0160	
         6	 0.8240	 0.0152	
         7	 0.8237	 0.0141	
         8	 0.8212	 0.0148	
         9	 0.8231	 0.0149	
        10	 0.8224	 0.0142	
Student
         1	 0.8426	
         2	 0.8304	 0.0122	
         3	 0.8319	 0.0101	
         4	 0.8299	 0.0094	
         5	 0.8305	 0.0085	
         6	 0.8329	 0.0095	
         7	 0.8323	 0.0089	
         8	 0.8297	 0.0108	
         9	 0.8308	 0.0106	
        10	 0.8302	 0.0102	
Student
        11	 0.8303	 0.0097	
        12	 0.8313	 0.0098	
        13	 0.8320	 0.0098	
        14	 0.8315	 0.0096	
        15	 0.8308	 0.0096	
        16	 0.8292	 0.0112	
        17	 0.8293	 0.0109	
        18	 0.8285	 0.0111	
        19	 0.8287	 0.0109	
        20	 0.8292	 0.0108	
        21	 0.8300	 0.0112	
        22	 0.8300	 0.0109	
        23	 0.8303	 0.0108	
        24	 0.8302	 0.0106	
        25	 0.8299	 0.0104	
        26	 0.8302	 0.0103	
        27	 0.8304	 0.0102	
        28	 0.8306	 0.0101	
        29	 0.8301	 0.0104	
        30	 0.8299	 0.0102	
        31	 0.8304	 0.0104	
        32	 0.8310	 0.0108	
        33	 0.8305	 0.0110	
        34	 0.8304	 0.0109	
        35	 0.8302	 0.0108	
        36	 0.8306	 0.0110	
        37	 0.8301	 0.0112	
        38	 0.8304	 0.0112	
        39	 0.8289	 0.0142	
        40	 0.8291	 0.0140	
        41	 0.8289	 0.0139	
        42	 0.8288	 0.0137	
        43	 0.8288	 0.0136	
        44	 0.8288	 0.0134	
        45	 0.8286	 0.0134	
        46	 0.8284	 0.0133	
        47	 0.8283	 0.0132	
        48	 0.8276	 0.0137	
        49	 0.8278	 0.0136	
        50	 0.8274	 0.0138	
Student
        11	