Student
      0.01	         0	         0	 0.7282	 0.0186	
      0.01	         0	       0.1	 0.7254	 0.0198	
      0.01	         0	       0.2	 0.7343	 0.0170	
      0.01	         0	       0.3	 0.7251	 0.0206	
      0.01	         0	       0.4	 0.7256	 0.0229	
      0.01	         0	       0.5	 0.7271	 0.0249	
      0.01	         0	       0.6	 0.7318	 0.0183	

     0.005	         0	         0	 0.7329	 0.0223	
     0.005	         0	       0.1	 0.7292	 0.0236	
     0.005	         0	       0.2	 0.7344	 0.0240	
     0.005	         0	       0.3	 0.7326	 0.0218	
     0.005	         0	       0.4	 0.7295	 0.0188	
     0.005	         0	       0.5	 0.7315	 0.0212	
     0.005	         0	       0.6	 0.7371	 0.0194	

Student
     0.001	         0	       0.2	 0.7329	 0.0233	
     0.001	         0	       0.6	 0.7396	 0.0275	
     0.002	         0	       0.2	 0.7297	 0.0234	
     0.002	         0	       0.6	 0.7383	 0.0234	
     0.003	         0	       0.2	 0.7272	 0.0207	
     0.003	         0	       0.6	 0.7355	 0.0206	
     0.004	         0	       0.2	 0.7287	 0.0218	
     0.004	         0	       0.6	 0.7382	 0.0196	
     0.006	         0	       0.2	 0.7323	 0.0221	
     0.006	         0	       0.6	 0.7343	 0.0217	
     0.007	         0	       0.2	 0.7256	 0.0211	
     0.007	         0	       0.6	 0.7337	 0.0202	
     0.008	         0	       0.2	 0.7248	 0.0201	
     0.008	         0	       0.6	 0.7328	 0.0234	
     0.009	         0	       0.2	 0.7245	 0.0236	
     0.009	         0	       0.6	 0.7312	 0.0200	
     0.011	         0	       0.2	 0.7267	 0.0201	
     0.011	         0	       0.6	 0.7351	 0.0196	
     0.012	         0	       0.2	 0.7219	 0.0149	
     0.012	         0	       0.6	 0.7291	 0.0206	
     0.015	         0	       0.2	 0.7165	 0.0114	
     0.015	         0	       0.6	 0.7296	 0.0172	
      0.02	         0	       0.2	 0.7252	 0.0259	
      0.02	         0	       0.6	 0.7239	 0.0214	
      0.03	         0	       0.2	 0.7224	 0.0285	
      0.03	         0	       0.6	 0.7262	 0.0184	
Student
     0.001	         0	       0.6	 0.7396	 0.0275	
     0.001	    0.0001	       0.6	 0.7370	 0.0238	
     0.001	    0.0002	       0.6	 0.7373	 0.0233	
     0.001	    0.0005	       0.6	 0.7418	 0.0186	
     0.001	     0.001	       0.6	 0.7408	 0.0235	
     0.004	         0	       0.6	 0.7382	 0.0196	
     0.004	    0.0001	       0.6	 0.7377	 0.0192	
     0.004	    0.0002	       0.6	 0.7392	 0.0193	
     0.004	    0.0005	       0.6	 0.7390	 0.0199	
     0.004	     0.001	       0.6	 0.7412	 0.0206	
Student
     0.001	    0.0005	       0.5	 0.7435	 0.0206	
     0.001	    0.0005	      0.58	 0.7418	 0.0207	
     0.001	    0.0005	       0.6	 0.7418	 0.0186	
     0.001	    0.0005	      0.62	 0.7451	 0.0193	
     0.001	    0.0005	      0.63	 0.7436	 0.0198	
     0.001	    0.0005	      0.64	 0.7417	 0.0210	
     0.001	    0.0005	      0.65	 0.7432	 0.0194	
     0.001	    0.0005	       0.7	 0.7401	 0.0217	
     0.001	    0.0005	       0.8	 0.7439	 0.0238	
     0.001	    0.0005	       0.9	 0.7464	 0.0165	
     0.001	     0.001	       0.5	 0.7414	 0.0213	
     0.001	     0.001	      0.58	 0.7433	 0.0223	
     0.001	     0.001	       0.6	 0.7408	 0.0235	
     0.001	     0.001	      0.62	 0.7425	 0.0221	
     0.001	     0.001	      0.63	 0.7423	 0.0226	
     0.001	     0.001	      0.64	 0.7388	 0.0133	
     0.001	     0.001	      0.65	 0.7408	 0.0213	
     0.001	     0.001	       0.7	 0.7475	 0.0208	
     0.001	     0.001	       0.8	 0.7491	 0.0207	
     0.001	     0.001	       0.9	 0.7485	 0.0163	
     0.004	    0.0005	       0.5	 0.7316	 0.0226	
     0.004	    0.0005	      0.58	 0.7394	 0.0193	
     0.004	    0.0005	       0.6	 0.7390	 0.0199	
     0.004	    0.0005	      0.62	 0.7396	 0.0184	
     0.004	    0.0005	      0.63	 0.7358	 0.0160	
     0.004	    0.0005	      0.64	 0.7372	 0.0164	
     0.004	    0.0005	      0.65	 0.7391	 0.0155	
     0.004	    0.0005	       0.7	 0.7370	 0.0155	
     0.004	    0.0005	       0.8	 0.7435	 0.0197	
     0.004	    0.0005	       0.9	 0.7503	 0.0128	
     0.004	     0.001	       0.5	 0.7362	 0.0206	
     0.004	     0.001	      0.58	 0.7381	 0.0213	
     0.004	     0.001	       0.6	 0.7412	 0.0206	
     0.004	     0.001	      0.62	 0.7391	 0.0192	
     0.004	     0.001	      0.63	 0.7369	 0.0170	
     0.004	     0.001	      0.64	 0.7404	 0.0157	
     0.004	     0.001	      0.65	 0.7390	 0.0181	
     0.004	     0.001	       0.7	 0.7373	 0.0173	
     0.004	     0.001	       0.8	 0.7417	 0.0179	
     0.004	     0.001	       0.9	 0.7496	 0.0152	
Student
     0.001	    0.0005	      0.82	 0.7404	 0.0166	
     0.001	    0.0005	      0.84	 0.7480	 0.0209	
     0.001	    0.0005	      0.85	 0.7507	 0.0214	
     0.001	    0.0005	      0.88	 0.7444	 0.0184	
     0.001	    0.0005	      0.92	 0.7533	 0.0210	
     0.001	    0.0005	      0.94	 0.7536	 0.0178	
     0.001	     0.001	      0.82	 0.7440	 0.0141	
     0.001	     0.001	      0.84	 0.7508	 0.0222	
     0.001	     0.001	      0.85	 0.7474	 0.0145	
     0.001	     0.001	      0.88	 0.7474	 0.0185	
     0.001	     0.001	      0.92	 0.7524	 0.0215	
     0.001	     0.001	      0.94	 0.7537	 0.0187	
     0.004	    0.0005	      0.82	 0.7396	 0.0177	
     0.004	    0.0005	      0.84	 0.7495	 0.0217	
     0.004	    0.0005	      0.85	 0.7406	 0.0150	
     0.004	    0.0005	      0.88	 0.7441	 0.0170	
     0.004	    0.0005	      0.92	 0.7513	 0.0152	
     0.004	    0.0005	      0.94	 0.7506	 0.0233	
     0.004	     0.001	      0.82	 0.7403	 0.0145	
     0.004	     0.001	      0.84	 0.7496	 0.0169	
     0.004	     0.001	      0.85	 0.7422	 0.0177	
     0.004	     0.001	      0.88	 0.7459	 0.0173	
     0.004	     0.001	      0.92	 0.7543	 0.0190	
     0.004	     0.001	      0.94	 0.7549	 0.0198	
Student
     0.001	    0.0005	      0.95	 0.7508	 0.0173	
     0.001	    0.0005	      0.96	 0.7464	 0.0168	
     0.001	    0.0005	      0.97	 0.7299	 0.0327	
     0.001	    0.0005	      0.98	 0.6803	 0.0492	
     0.001	    0.0005	      0.99	 0.5545	 0.0645	
     0.001	     0.001	      0.95	 0.7527	 0.0159	
     0.001	     0.001	      0.96	 0.7477	 0.0181	
     0.001	     0.001	      0.97	 0.7243	 0.0321	
     0.001	     0.001	      0.98	 0.6767	 0.0493	
     0.001	     0.001	      0.99	 0.5520	 0.0673	
     0.004	    0.0005	      0.95	 0.7360	 0.0274	
     0.004	    0.0005	      0.96	 0.7239	 0.0367	
     0.004	    0.0005	      0.97	 0.6991	 0.0461	
     0.004	    0.0005	      0.98	 0.5976	 0.0438	
     0.004	    0.0005	      0.99	 0.4789	 0.0506	
     0.004	     0.001	      0.95	 0.7414	 0.0249	
     0.004	     0.001	      0.96	 0.7172	 0.0438	
     0.004	     0.001	      0.97	 0.6842	 0.0426	
     0.004	     0.001	      0.98	 0.5996	 0.0502	
     0.004	     0.001	      0.99	 0.4651	 0.0591	
Student
     0.004	     0.001	      0.93	 0.7516	 0.0226	
     0.004	     0.001	     0.935	 0.7526	 0.0207	
     0.004	     0.001	     0.938	 0.7517	 0.0211	
     0.004	     0.001	     0.942	 0.7503	 0.0200	
     0.004	     0.001	     0.943	 0.7488	 0.0211	
     0.004	     0.001	     0.945	 0.7440	 0.0261	
     0.004	     0.001	     0.946	 0.7430	 0.0282	
     0.004	     0.001	     0.947	 0.7420	 0.0282	
Student
     0.003	     0.001	      0.92	 0.7505	 0.0177	
     0.003	     0.001	      0.94	 0.7543	 0.0180	
     0.004	     0.001	      0.92	 0.7543	 0.0190	
     0.004	     0.001	      0.94	 0.7549	 0.0198	
    0.0045	     0.001	      0.92	 0.7497	 0.0164	
    0.0045	     0.001	      0.94	 0.7476	 0.0220	
     0.005	     0.001	      0.92	 0.7577	 0.0170	
     0.005	     0.001	      0.94	 0.7461	 0.0188	
     0.006	     0.001	      0.92	 0.7501	 0.0203	
     0.006	     0.001	      0.94	 0.7439	 0.0231	
      0.01	     0.001	      0.92	 0.7477	 0.0200	
      0.01	     0.001	      0.94	 0.7382	 0.0210	
     0.012	     0.001	      0.92	 0.7505	 0.0191	
     0.012	     0.001	      0.94	 0.7276	 0.0314	
     0.015	     0.001	      0.92	 0.7423	 0.0233	
     0.015	     0.001	      0.94	 0.7209	 0.0267	
      0.02	     0.001	      0.92	 0.7381	 0.0227	
      0.02	     0.001	      0.94	 0.7133	 0.0257	
Student
     0.004	    0.0005	      0.94	 0.7506	 0.0233	
     0.004	    0.0008	      0.94	 0.7503	 0.0177	
     0.004	     0.001	      0.94	 0.7549	 0.0198	
     0.004	     0.002	      0.94	 0.7470	 0.0224	
     0.004	     0.003	      0.94	 0.7422	 0.0235	
     0.004	      0.01	      0.94	 0.7341	 0.0257	
