Student
     0.006	         0	       0.4	
     0.007	         0	       0.4	
     0.008	         0	       0.4	
     0.009	         0	       0.4	
      0.01	         0	       0.4	
Student
     0.006	         0	       0.4	 0.8106	 0.0128	

     0.007	         0	       0.4	 0.8099	 0.0131	

     0.008	         0	       0.4	 0.8112	 0.0106	

     0.009	         0	       0.4	 0.8121	 0.0111	

      0.01	         0	       0.4	 0.8137	 0.0098	

Student
     0.006	         0	       0.4	 0.8100	 0.0125	

     0.007	         0	       0.4	 0.8097	 0.0129	

     0.008	         0	       0.4	 0.8115	 0.0108	

     0.009	         0	       0.4	 0.8121	 0.0111	

      0.01	         0	       0.4	 0.8133	 0.0092	

Student
     0.006	         0	       0.4	Student
      0.01	         0	       0.4	 0.8137	 0.0098	
     0.012	         0	       0.4	 0.8120	 0.0115	
     0.015	         0	       0.4	 0.8114	 0.0112	
Student
      0.01	         0	       0.4	 0.8137	 0.0098	
      0.01	     0.001	       0.4	 0.8035	 0.0160	
      0.01	     0.002	       0.4	 0.8058	 0.0181	
      0.01	     0.003	       0.4	 0.8007	 0.0222	
      0.01	     0.004	       0.4	 0.7981	 0.0238	
