 0.7689	 0.0247	
 0.7721	 0.0248	
 0.7729	 0.0227	
 0.7768	 0.0269	
 0.7741	 0.0249	
 0.7678	 0.0243	
 0.7681	 0.0220	
 0.7635	 0.0263	
 0.7554	 0.0287	
 0.7725	 0.0244	
 0.7733	 0.0249	
 0.7758	 0.0237	
 0.7733	 0.0257	
 0.7726	 0.0250	
 0.7745	 0.0244	
 0.7752	 0.0264	
 0.7751	 0.0252	
 0.7762	 0.0246	
 0.7768	 0.0269	
 0.7745	 0.0245	
 0.7750	 0.0271	
 0.7763	 0.0240	
 0.7756	 0.0233	
 0.7762	 0.0246	
 0.7646	 0.0233	
 0.7634	 0.0250	
 0.7627	 0.0281	
 0.7622	 0.0231	
 0.7597	 0.0237	
 0.7768	 0.0269	
 0.7672	 0.0285	
 0.7581	 0.0223	
 0.7665	 0.0269	
 0.7626	 0.0247	
 0.7565	 0.0227	
 0.7745	 0.0245	
 0.7650	 0.0255	
 0.7675	 0.0262	
 0.7637	 0.0247	
 0.7628	 0.0248	
 0.7562	 0.0247	
 0.7747	 0.0265	
 0.7748	 0.0266	
 0.7759	 0.0269	
 0.7754	 0.0280	
 0.7719	 0.0239	
 0.7768	 0.0269	
 0.7717	 0.0264	
 0.7733	 0.0254	
 0.7744	 0.0237	
 0.7738	 0.0261	
