 0.7198	 0.0158	
 0.7212	 0.0146	
 0.7208	 0.0163	
 0.7196	 0.0144	
 0.7202	 0.0156	
 0.7228	 0.0130	
 0.7218	 0.0143	
 0.7219	 0.0178	
 0.7232	 0.0145	
 0.7233	 0.0137	
 0.7274	 0.0165	
 0.7228	 0.0166	
 0.7249	 0.0117	
 0.7306	 0.0129	
 0.7291	 0.0159	
 0.7293	 0.0183	
 0.7278	 0.0162	
 0.7263	 0.0131	
 0.7283	 0.0155	
 0.7318	 0.0146	
 0.7328	 0.0175	
 0.7295	 0.0135	
 0.7323	 0.0151	
 0.7284	 0.0149	
 0.7314	 0.0208	
 0.7326	 0.0111	
 0.7357	 0.0127	
 0.7371	 0.0101	
 0.7259	 0.0141	
 0.7206	 0.0155	
 0.7186	 0.0132	
 0.7193	 0.0167	
 0.7200	 0.0133	
 0.7241	 0.0170	
 0.7356	 0.0192	
 0.7241	 0.0154	
 0.7245	 0.0167	
 0.7264	 0.0164	
 0.7271	 0.0149	
 0.7238	 0.0153	
 0.7292	 0.0177	
 0.7305	 0.0183	
 0.7286	 0.0140	
 0.7297	 0.0173	
 0.7263	 0.0159	
 0.7304	 0.0146	
 0.7267	 0.0173	
 0.7299	 0.0197	
 0.7362	 0.0148	
 0.7340	 0.0135	
 0.7358	 0.0156	
 0.7326	 0.0154	
 0.7347	 0.0132	
 0.7346	 0.0156	
 0.7333	 0.0131	
 0.7375	 0.0112	
 0.7284	 0.0161	
 0.7260	 0.0156	
 0.7265	 0.0154	
 0.7273	 0.0164	
 0.7281	 0.0151	
 0.7334	 0.0156	
 0.7306	 0.0125	
 0.7312	 0.0175	
 0.7310	 0.0197	
 0.7313	 0.0174	
 0.7277	 0.0162	
 0.7294	 0.0161	
 0.7266	 0.0173	
 0.7335	 0.0147	
 0.7285	 0.0149	
 0.7278	 0.0143	
 0.7294	 0.0138	
 0.7308	 0.0163	
 0.7324	 0.0165	
 0.7330	 0.0150	
 0.7325	 0.0148	
 0.7331	 0.0139	
 0.7372	 0.0151	
 0.7307	 0.0148	
 0.7354	 0.0114	
 0.7351	 0.0106	
 0.7364	 0.0144	
 0.7410	 0.0143	
 0.7422	 0.0121	
 0.7421	 0.0142	
 0.7462	 0.0101	
 0.7444	 0.0102	
 0.7464	 0.0106	
 0.7473	 0.0103	
 0.7477	 0.0106	
 0.7483	 0.0103	
 0.7404	 0.0243	
 0.7465	 0.0111	
 0.7519	 0.0089	
 0.7483	 0.0103	
 0.7486	 0.0107	
 0.7498	 0.0098	
 0.7515	 0.0079	
 0.7482	 0.0127	
 0.7514	 0.0107	
 0.7339	 0.0297	
 0.7351	 0.0346	
 0.7248	 0.0298	
 0.7440	 0.0124	
 0.7462	 0.0077	
 0.7457	 0.0092	
 0.7501	 0.0121	
 0.7525	 0.0093	
 0.7533	 0.0107	
 0.7387	 0.0082	
 0.7457	 0.0119	
 0.7483	 0.0087	
 0.7475	 0.0071	
 0.7486	 0.0096	
 0.7523	 0.0105	
