 0.8157	 0.0145	
 0.8181	 0.0120	
 0.8175	 0.0127	
 0.8220	 0.0126	
 0.8230	 0.0146	
 0.8237	 0.0112	
 0.8254	 0.0143	
 0.8198	 0.0111	
 0.8185	 0.0122	
 0.8162	 0.0098	
 0.8228	 0.0160	
 0.8204	 0.0118	
 0.8189	 0.0149	
 0.8198	 0.0097	
 0.8161	 0.0128	
 0.8167	 0.0111	
 0.8141	 0.0088	
 0.8149	 0.0119	
 0.8123	 0.0117	
 0.8165	 0.0123	
 0.8134	 0.0116	
 0.8024	 0.0152	
 0.8025	 0.0159	
 0.8053	 0.0108	
 0.7983	 0.0142	
 0.7986	 0.0134	
 0.7990	 0.0150	
 0.7992	 0.0121	
 0.8198	 0.0136	
 0.8192	 0.0116	
 0.8194	 0.0122	
 0.8209	 0.0125	
 0.8187	 0.0158	
 0.8239	 0.0127	
 0.8256	 0.0130	
 0.8211	 0.0149	
 0.8197	 0.0104	
 0.8194	 0.0121	
 0.8236	 0.0125	
 0.8217	 0.0115	
 0.8233	 0.0123	
 0.8217	 0.0106	
 0.8165	 0.0144	
 0.8155	 0.0154	
 0.8171	 0.0123	
 0.8170	 0.0155	
 0.8196	 0.0143	
 0.8190	 0.0115	
 0.8181	 0.0137	
 0.8041	 0.0146	
 0.8062	 0.0136	
 0.8044	 0.0132	
 0.8060	 0.0145	
 0.8053	 0.0150	
 0.8059	 0.0149	
 0.8028	 0.0145	
 0.8124	 0.0148	
 0.8187	 0.0127	
 0.8206	 0.0153	
 0.8210	 0.0132	
 0.8197	 0.0144	
 0.8204	 0.0150	
 0.8227	 0.0139	
 0.8176	 0.0133	
 0.8170	 0.0141	
 0.8181	 0.0137	
 0.8204	 0.0130	
 0.8178	 0.0147	
 0.8188	 0.0128	
 0.8197	 0.0117	
 0.8116	 0.0115	
 0.8142	 0.0130	
 0.8153	 0.0129	
 0.8158	 0.0130	
 0.8158	 0.0113	
 0.8152	 0.0147	
 0.8196	 0.0131	
 0.8038	 0.0130	
 0.8033	 0.0145	
 0.8031	 0.0135	
 0.8018	 0.0142	
 0.8026	 0.0137	
 0.8010	 0.0141	
 0.8052	 0.0156	
 0.8252	 0.0139	
 0.8254	 0.0122	
 0.8254	 0.0123	
 0.8250	 0.0149	
 0.8278	 0.0146	
 0.8251	 0.0116	
 0.8268	 0.0112	
 0.8262	 0.0113	
 0.8268	 0.0112	
 0.8259	 0.0133	
 0.8255	 0.0121	
 0.8284	 0.0120	
 0.8256	 0.0124	
 0.8264	 0.0130	
 0.8250	 0.0116	
 0.8254	 0.0122	
 0.8239	 0.0126	
 0.8191	 0.0107	
 0.8131	 0.0143	
 0.8095	 0.0130	
 0.7980	 0.0160	
 0.8193	 0.0122	
 0.8176	 0.0147	
 0.8039	 0.0149	
 0.7965	 0.0119	
 0.7894	 0.0189	
 0.8262	 0.0115	
 0.8288	 0.0125	
 0.8278	 0.0146	
 0.8266	 0.0122	
 0.8275	 0.0133	
 0.8291	 0.0119	
 0.8279	 0.0137	
 0.8245	 0.0139	
 0.8269	 0.0130	
 0.8284	 0.0120	
 0.8282	 0.0104	
 0.8289	 0.0129	
 0.8302	 0.0102	
 0.8264	 0.0112	
 0.8258	 0.0142	
 0.8279	 0.0119	
 0.8273	 0.0106	
 0.8291	 0.0119	
 0.8295	 0.0113	
 0.8290	 0.0116	
 0.8274	 0.0105	
 0.8264	 0.0114	
 0.8276	 0.0104	
 0.8291	 0.0112	
 0.8296	 0.0112	
 0.8302	 0.0102	
 0.8271	 0.0130	
 0.8291	 0.0115	
 0.8302	 0.0125	
 0.8298	 0.0120	
 0.8291	 0.0119	
 0.8295	 0.0113	
 0.8257	 0.0119	
 0.8265	 0.0104	
 0.8265	 0.0098	
 0.8269	 0.0098	
 0.8223	 0.0136	
 0.8250	 0.0105	
 0.8302	 0.0102	
 0.8271	 0.0130	
 0.8249	 0.0109	
 0.8263	 0.0096	
 0.8260	 0.0098	
 0.8210	 0.0104	
 0.8165	 0.0125	
 0.8206	 0.0124	
 0.8254	 0.0131	
 0.8224	 0.0142	
 0.8454	
 0.8321	 0.0133	
 0.8454	
 0.8321	 0.0133	
 0.8331	 0.0110	
 0.8267	 0.0146	
 0.8221	 0.0160	
 0.8240	 0.0152	
 0.8237	 0.0141	
 0.8212	 0.0148	
 0.8231	 0.0149	
 0.8224	 0.0142	
 0.8426	
 0.8304	 0.0122	
 0.8319	 0.0101	
 0.8299	 0.0094	
 0.8305	 0.0085	
 0.8329	 0.0095	
 0.8323	 0.0089	
 0.8297	 0.0108	
 0.8308	 0.0106	
 0.8302	 0.0102	
 0.8303	 0.0097	
 0.8313	 0.0098	
 0.8320	 0.0098	
 0.8315	 0.0096	
 0.8308	 0.0096	
 0.8292	 0.0112	
 0.8293	 0.0109	
 0.8285	 0.0111	
 0.8287	 0.0109	
 0.8292	 0.0108	
 0.8300	 0.0112	
 0.8300	 0.0109	
 0.8303	 0.0108	
 0.8302	 0.0106	
 0.8299	 0.0104	
 0.8302	 0.0103	
 0.8304	 0.0102	
 0.8306	 0.0101	
 0.8301	 0.0104	
 0.8299	 0.0102	
 0.8304	 0.0104	
 0.8310	 0.0108	
 0.8305	 0.0110	
 0.8304	 0.0109	
 0.8302	 0.0108	
 0.8306	 0.0110	
 0.8301	 0.0112	
 0.8304	 0.0112	
 0.8289	 0.0142	
 0.8291	 0.0140	
 0.8289	 0.0139	
 0.8288	 0.0137	
 0.8288	 0.0136	
 0.8288	 0.0134	
 0.8286	 0.0134	
 0.8284	 0.0133	
 0.8283	 0.0132	
 0.8276	 0.0137	
 0.8278	 0.0136	
 0.8274	 0.0138	
